function_times_readable := Vector(25, [21.57700000,39.43600000,52.97500000,66.2\
8500000,81.70100000,94.96300000,114.1680000,125.1050000,141.8390000,156.9310000
,171.9440000,193.9450000,209.7100000,223.7040000,236.8860000,249.1760000,274.80\
40000,284.0440000,305.3210000,307.9690000,336.9850000,351.2160000,377.9000000,
398.2460000,413.4310000]);
degree_times_readable := Vector(25, [13.06500000,22.10200000,28.44000000,35.820\
00000,42.51600000,48.52400000,63.11400000,73.13200000,84.50400000,109.9660000,
146.3790000,189.0750000,252.3580000,357.6420000,453.5530000,706.2920000,897.859\
0000,1256.817000,1716.689000,2583.820000,3166.617000,4411.685000,5720.320000,
7373.992000,9632.328000]);
function_degree_times_readable := Vector(25, [10.96500000,14.24600000,17.413000\
00,19.87200000,24.09600000,29.08600000,34.40800000,43.90400000,53.90600000,68.7\
0900000,86.66800000,107.9660000,152.6500000,198.2480000,259.8310000,428.4550000
,482.0900000,697.8760000,845.3210000,1229.322000,1485.360000,2005.472000,2425.8\
02000,2820.980000,3765.709000]);
exponent_times_readable := Vector(25, [24.36100000,17.34400000,18.24100000,19.7\
1700000,17.70700000,18.51500000,18.25900000,21.47300000,24.52100000,27.07000000
,26.59600000,23.54500000,26.61500000,27.66500000,27.87300000,27.71100000,28.683\
00000,32.46100000,30.82700000,36.61100000,38.40100000,39.32700000,39.12800000,
40.89200000,44.78500000]);
